[[8, 5], [[9, 3, 5], [10, 3, 5], [11, 3, 5], [12, 3, 5], [5, 4, 5], [6, 4, 5], [7, 4, 5], [8, 4, 5], [9, 4, 5], [11, 4, -10], [12, 4, 5], [5, 5, 5], [9, 5, 5], [11, 5, 5], [12, 5, 5], [5, 6, 5], [6, 6, 5], [7, 6, 5], [9, 6, 5], [11, 6, 5], [5, 7, 5], [9, 7, 5], [11, 7, 5], [5, 8, 5], [7, 8, 5], [8, 8, 5], [9, 8, 5], [11, 8, 5], [5, 9, 5], [11, 9, 5], [5, 10, 5], [6, 10, 5], [7, 10, 5], [8, 10, 5], [9, 10, 5], [10, 10, 5], [11, 10, 5]],0]
[[8, 5], [[6, 2, 5], [7, 2, 5], [8, 2, 5], [6, 3, 5], [7, 3, -10], [8, 3, 5], [5, 4, 5], [6, 4, 5], [8, 4, 5], [9, 4, 5], [10, 4, 5], [5, 5, 5], [7, 5, 2], [10, 5, 5], [5, 6, 5], [6, 6, 5], [8, 6, 5], [10, 6, 5], [6, 7, 5], [10, 7, 5], [6, 8, 5], [7, 8, 5], [8, 8, 5], [9, 8, 5], [10, 8, 5]],0]
[[6, 2], [[2, 1, 5], [3, 1, 5], [4, 1, 5], [5, 1, 5], [6, 1, 5], [7, 1, 5], [8, 1, 5], [9, 1, 5], [10, 1, 5], [11, 1, 5], [12, 1, 5], [13, 1, 5], [14, 1, 5], [2, 2, 5], [6, 2, 5], [14, 2, 5], [2, 3, 5], [3, 3, 5], [4, 3, 5], [6, 3, 5], [8, 3, 5], [9, 3, 5], [10, 3, 5], [11, 3, 5], [12, 3, 5], [14, 3, 5], [2, 4, 5], [10, 4, 5], [14, 4, 5], [2, 5, 5], [4, 5, 5], [5, 5, 5], [6, 5, 5], [7, 5, 5], [8, 5, 5], [10, 5, 5], [12, 5, 5], [13, 5, 5], [14, 5, 5], [2, 6, 5], [6, 6, 5], [14, 6, 5], [2, 7, 5], [3, 7, 5], [4, 7, 5], [6, 7, 5], [8, 7, 5], [9, 7, 5], [10, 7, 5], [11, 7, 5], [12, 7, 5], [14, 7, 5], [2, 8, 5], [8, 8, 5], [12, 8, 5], [14, 8, 5], [2, 9, 5], [4, 9, 5], [5, 9, 5], [6, 9, 5], [8, 9, 5], [10, 9, 5], [11, 9, 5], [12, 9, 5], [13, 9, 5], [14, 9, 5], [2, 10, 5], [13, 10, -10], [14, 10, 5], [2, 11, 5], [3, 11, 5], [4, 11, 5], [5, 11, 5], [6, 11, 5], [8, 11, 5], [9, 11, 5], [10, 11, 5], [11, 11, 5], [12, 11, 5], [13, 11, 5], [14, 11, 5], [6, 12, 5], [7, 12, 5], [8, 12, 5]],0]
[[9, 3], [[3, 2, 5], [4, 2, 5], [5, 2, 5], [6, 2, 5], [7, 2, 5], [8, 2, 5], [9, 2, 5], [10, 2, 5], [11, 2, 5], [12, 2, 5], [13, 2, 5], [3, 3, 5], [13, 3, 5], [3, 4, 5], [5, 4, 5], [6, 4, 5], [8, 4, 5], [13, 4, 5], [3, 5, 5], [9, 5, 5], [10, 5, -10], [13, 5, 5], [3, 6, 5], [4, 6, 5], [9, 6, 5], [11, 6, 5], [13, 6, 5], [3, 7, 5], [13, 7, 5], [3, 8, 5], [4, 8, 5], [5, 8, 5], [6, 8, 5], [7, 8, 5], [11, 8, 5], [12, 8, 5], [13, 8, 5], [7, 9, 5], [8, 9, 5], [9, 9, 5], [10, 9, 5]],0]
[[5, 2], [[2, 1, 5], [3, 1, 5], [4, 1, 5], [5, 1, 5], [6, 1, 5], [7, 1, 5], [8, 1, 5], [9, 1, 5], [10, 1, 5], [11, 1, 5], [12, 1, 5], [13, 1, 5], [2, 2, 5], [7, 2, 5], [13, 2, 5], [2, 3, 5], [4, 3, 5], [5, 3, 5], [7, 3, 5], [9, 3, 5], [10, 3, 5], [11, 3, 5], [13, 3, 5], [2, 4, 5], [11, 4, 5], [13, 4, 5], [2, 5, 5], [3, 5, 5], [4, 5, 5], [5, 5, 5], [7, 5, 5], [8, 5, 5], [9, 5, 5], [11, 5, 5], [13, 5, 5], [2, 6, 5], [7, 6, 2], [13, 6, 5], [2, 7, 5], [4, 7, 5], [5, 7, 5], [6, 7, 5], [7, 7, 5], [8, 7, 5], [9, 7, 5], [12, 7, 5], [13, 7, 5], [2, 8, 5], [7, 8, 5], [10, 8, -10], [13, 8, 5], [2, 9, 5], [3, 9, 5], [4, 9, 5], [5, 9, 5], [6, 9, 5], [7, 9, 5], [8, 9, 5], [9, 9, 5], [10, 9, 5], [11, 9, 5], [12, 9, 5], [13, 9, 5]],0]
[[15, 13], [[3, 0, -1], [4, 0, -1], [5, 0, -1], [8, 0, -1], [5, 1, -1], [10, 2, 5], [1, 3, 5], [14, 3, 5], [3, 5, 5], [13, 5, 5], [6, 6, -10], [9, 6, 5], [14, 6, -1], [15, 6, -1], [2, 7, 5], [3, 7, 5], [4, 7, 5], [15, 7, -1], [2, 9, -1], [3, 9, -1], [4, 9, -1], [5, 9, -1], [6, 10, -1], [10, 10, 5], [3, 11, 5]],0]
[[5, 2], [[2, 0, 5], [7, 0, 5], [1, 1, 5], [10, 2, 5], [13, 2, -10], [3, 3, 5], [15, 3, 5], [1, 4, 5], [12, 4, 5], [4, 5, 5], [9, 6, 5], [0, 7, 5], [4, 7, 5], [11, 7, 5], [0, 8, 5], [5, 8, 5], [2, 9, 5], [10, 10, 5], [7, 12, 5], [14, 13, 5], [1, 14, 5], [5, 15, 5], [15, 15, 5]],0]
[[6, 9], [[8, 0, 5], [9, 0, 5], [1, 1, 5], [4, 2, 5], [12, 3, 5], [2, 4, 5], [3, 4, 5], [10, 4, 5], [0, 5, 5], [5, 5, -10], [9, 6, 5], [3, 7, 5], [4, 7, 5], [7, 7, 5], [11, 7, 5], [7, 8, 5], [10, 9, 5], [13, 9, 5], [1, 11, 5], [9, 12, 5], [14, 12, 5], [4, 13, 5], [14, 13, 5], [7, 14, 5], [8, 14, 5]],0]
[[8, 15], [[4, 0, 5], [7, 0, 5], [0, 1, 5], [2, 1, 5], [5, 1, 5], [12, 1, 5], [3, 2, 5], [6, 2, 5], [14, 2, 5], [1, 3, 5], [2, 3, 5], [8, 3, 5], [4, 4, 5], [5, 4, 5], [9, 4, 5], [14, 4, 5], [1, 5, 5], [3, 5, 5], [7, 5, 5], [11, 5, 5], [12, 5, 5], [2, 6, 5], [7, 6, 5], [13, 6, 5], [0, 7, 5], [3, 7, 5], [7, 7, 5], [14, 7, 5], [1, 8, 5], [9, 8, 5], [1, 9, 5], [1, 10, 5], [8, 10, 5], [11, 10, 5], [13, 10, -10], [2, 11, 5], [6, 11, 5], [10, 11, 5], [14, 11, 5], [4, 12, 5], [12, 13, 5], [9, 14, 5], [14, 14, 5], [2, 15, 5], [7, 15, 5], [11, 15, 5]],0]
[[5, 10], [[6, 0, 5], [7, 0, 5], [9, 0, 5], [0, 1, 5], [15, 1, 5], [2, 2, 5], [3, 2, 5], [11, 2, 5], [13, 2, 5], [0, 3, 5], [3, 4, 5], [5, 4, 5], [8, 4, 5], [3, 5, 5], [14, 5, 5], [15, 5, 5], [3, 6, 5], [11, 6, 5], [1, 7, 5], [11, 7, 5], [12, 7, 5], [13, 7, 5], [4, 8, 5], [7, 9, 5], [8, 9, 5], [9, 9, 5], [10, 10, 5], [0, 11, 5], [11, 11, 5], [0, 12, 5], [5, 12, 5], [6, 12, 5], [14, 13, 5], [6, 14, -10], [9, 14, 5], [14, 14, 5], [2, 15, 5], [9, 15, 5], [13, 15, 5], [14, 15, 5]], 0]
[[15, 3], [[10, 0, 5], [11, 0, 5], [13, 0, 5], [4, 1, 5], [0, 2, 5], [1, 2, 5], [7, 3, 5], [8, 3, 5], [9, 3, 5], [15, 3, 5], [0, 4, 5], [9, 4, 5], [15, 4, 5], [0, 5, 5], [5, 5, 5], [6, 5, 5], [3, 6, 5], [6, 6, 5], [7, 6, 5], [11, 6, 5], [0, 7, 5], [10, 7, 5], [13, 7, 5], [0, 8, 5], [7, 8, 5], [8, 8, 5], [13, 8, 5], [14, 8, 5], [10, 9, 5], [3, 10, 5], [4, 10, 5], [7, 11, 5], [8, 11, 5], [12, 11, 5], [12, 12, 5], [0, 13, 5], [10, 13, -10], [14, 13, 5], [2, 14, 5], [9, 14, 5], [13, 14, 5], [14, 14, 5], [1, 15, 5]],0]
[[13, 12], [[5, 0, 5], [8, 0, 5], [11, 0, 5], [14, 0, 5], [1, 1, 5], [8, 1, 5], [15, 1, 5], [0, 2, 5], [3, 2, 5], [4, 2, 5], [9, 2, 5], [2, 3, 5], [6, 3, 5], [12, 3, 5], [13, 3, 5], [0, 4, 5], [2, 4, 5], [7, 4, 5], [10, 4, 5], [5, 5, 5], [2, 6, 5], [11, 6, 5], [0, 7, 5], [4, 7, 5], [7, 7, 5], [13, 7, 5], [5, 8, 5], [7, 8, 5], [9, 8, 5], [2, 9, 5], [5, 9, 5], [15, 9, 5], [15, 10, 5], [5, 11, -10], [7, 11, 5], [9, 11, 5], [3, 12, 5], [14, 12, 5], [7, 13, 5], [9, 13, 5], [1, 14, 5], [13, 14, 5], [3, 15, 5], [5, 15, 5], [10, 15, 5], [11, 15, 5], [12, 15, 5], [13, 15, 5]], 0]
[[3, 5], [[0, 0, -1], [1, 0, -1], [8, 0, -1], [9, 0, -1], [10, 0, -1], [0, 1, -1], [2, 1, 5], [4, 1, 5], [13, 1, 5], [0, 2, 5], [11, 2, 5], [2, 3, 5], [5, 5, 5], [8, 5, -1], [9, 5, 5], [12, 5, 2], [14, 5, 5], [4, 6, 5], [7, 6, -1], [8, 6, -1], [9, 6, -1], [10, 6, 5], [13, 6, 5], [0, 7, 5], [2, 7, 5], [3, 7, 5], [13, 7, 5], [12, 8, 5], [15, 8, 5], [2, 9, 5], [11, 9, 5], [1, 10, 5], [10, 10, 5], [14, 10, 5], [4, 11, 5], [12, 11, -1], [13, 11, -10], [0, 12, -1], [0, 13, -1], [12, 13, 5], [14, 13, 5], [0, 14, -1], [2, 14, 5], [13, 14, 5], [8, 15, -1], [9, 15, -1], [10, 15, -1], [14, 15, 5]], 1]